[-7.84961009e-03 -1.36715320e-02 -3.61656438e-03  2.64909160e-03
  1.88551446e-01  2.65314657e-03  9.46531786e-03  1.79809481e-01
  3.73757317e-03  4.99608944e-01  8.35836265e-03  4.29108775e-03
  1.42141179e-02  3.94232414e-03  9.36795890e-03 -1.12038274e-03
  3.35727500e-03  1.16152212e-03 -9.40884707e-03 -2.45575476e-03
 -1.17409629e-02 -1.01960612e-02  7.95771321e-03 -1.00574854e-02
  6.04882939e-03 -4.67345192e-03 -3.09091547e-03  8.14909193e-03
  1.20264599e-02 -6.82458163e-03 -8.65405539e-03  9.86273479e-04
  4.92968011e-03  5.99772461e-03 -1.34667860e-02  1.07075729e-03
  1.32745992e-02 -1.14148742e-02 -2.01056697e-02  5.85096240e-01
  4.94483247e-04 -7.86666920e-04 -2.71926574e-03 -9.54021938e-03
 -5.44161058e-03  9.80679209e-03 -6.72540624e-03 -4.45414276e-04
  6.98516508e-03  3.16138907e-02  4.51763485e-01 -8.75221380e-03
  2.55167390e-03  4.24921150e-03  2.89847927e-01  7.03723255e-03
 -1.95796946e-03  1.41523883e-02 -1.06508170e-02  7.72743903e-01
 -5.67126044e-03 -6.30026188e-04  6.50943015e-03 -4.84019165e-03
  4.63832329e-03  4.54887177e-03 -2.99475114e-03  8.38781696e-03
 -2.47558716e-03  9.00947922e-04  1.14713514e-03 -1.87641345e-03
 -1.05175760e-02 -9.31304110e-03 -1.23550002e-03  5.97797559e-01
 -4.78625013e-03 -1.13727852e-02  2.88477060e-03  8.48999776e-01
 -1.08924235e-02  2.26346489e-03 -1.38099800e-03 -6.35934691e-03
  5.83784109e-03  5.69286755e-03  5.35566859e-03 -8.20616315e-03
  1.29884015e-02 -2.30575631e-03 -1.22263765e-04  8.66629171e-03
 -4.29446300e-03  5.69510898e-03  7.55483353e-03 -9.43540843e-03
  1.82905446e-02 -1.16998887e-03 -2.61599136e-03 -8.58616114e-03]
